placar_casa,placar_visitante,data,round,stage,ano,equipe_casa,equipe_visitante,Pts_casa,3P_casa,2P_casa,LL_casa,RT_casa,RO_casa,RD_casa,AS_casa,ER_casa,IA%_casa,3PC_casa,3PT_casa,3P%_casa,2PC_casa,2PT_casa,2P%_casa,LLC_casa,LLT_casa,LL%_casa,EN_casa,BR_casa,B/E_casa,TO_casa,FC_casa,T/FC_casa,ET_casa,VI_casa,EF_casa,Pts_visitante,3P_visitante,2P_visitante,LL_visitante,RT_visitante,RO_visitante,RD_visitante,AS_visitante,ER_visitante,IA%_visitante,3PC_visitante,3PT_visitante,3P%_visitante,2PC_visitante,2PT_visitante,2P%_visitante,LLC_visitante,LLT_visitante,LL%_visitante,EN_visitante,BR_visitante,B/E_visitante,TO_visitante,FC_visitante,T/FC_visitante,ET_visitante,VI_visitante,EF_visitante
60,71,2013-12-12,9,1,2013-2014,Fortaleza B. C. / CFO,Minas,77.33333333333333,20.2,44.93333333333333,12.2,29.866666666666667,9.0,20.866666666666667,13.0,11.2,1.4193333333333333,6.733333333333333,20.4,33.56733333333334,22.466666666666665,43.266666666666666,52.346,12.2,17.2,70.63533333333334,1.6,9.266666666666667,0.9826666666666667,1.6,22.133333333333333,0.06933333333333333,11.2,2.7333333333333334,80.4,68.86666666666666,15.8,38.4,14.666666666666666,30.0,7.466666666666667,22.533333333333335,13.466666666666667,13.6,1.0593333333333335,5.266666666666667,17.0,29.774,19.2,39.666666666666664,48.697333333333326,14.666666666666666,19.4,77.56866666666669,1.2,7.866666666666666,0.6106666666666667,3.2,21.4,0.152,13.6,2.6666666666666665,72.86666666666666
70,60,2013-12-14,10,1,2013-2014,Mogi,Minas,79.66666666666667,22.2,39.06666666666667,20.8,35.8,10.666666666666666,25.133333333333333,13.8,14.2,1.0659999999999998,6.6,18.6,36.36466666666667,19.533333333333335,39.93333333333333,48.87133333333334,20.8,26.2,79.31866666666666,0.9333333333333333,8.333333333333334,0.6013333333333334,1.7333333333333334,20.8,0.08666666666666667,14.2,2.4,87.86666666666666,69.0,15.6,38.666666666666664,14.733333333333333,29.4,7.533333333333333,21.866666666666667,13.4,13.0,1.0859999999999999,5.2,17.2,29.310000000000002,19.333333333333332,39.2,49.76066666666666,14.733333333333333,19.533333333333335,77.38333333333335,1.4,7.866666666666666,0.6353333333333333,2.933333333333333,22.0,0.13733333333333334,13.0,2.533333333333333,72.93333333333334
74,88,2013-12-14,10,1,2013-2014,Goiânia,Pinheiros,74.88888888888889,24.666666666666668,36.888888888888886,13.333333333333334,31.88888888888889,8.555555555555555,23.333333333333332,13.555555555555555,12.333333333333334,1.32,8.222222222222221,23.77777777777778,35.315555555555555,18.444444444444443,35.111111111111114,52.55555555555556,13.333333333333334,17.77777777777778,75.4388888888889,1.0,7.0,0.6144444444444445,1.2222222222222223,21.666666666666668,0.05888888888888888,12.333333333333334,3.2222222222222223,79.55555555555556,83.66666666666667,32.6,38.666666666666664,12.4,30.533333333333335,7.666666666666667,22.866666666666667,15.4,11.0,1.6393333333333335,10.866666666666667,26.933333333333334,40.84733333333334,19.333333333333332,36.53333333333333,53.14999999999999,12.4,17.066666666666666,73.046,2.066666666666667,7.866666666666666,0.7793333333333334,3.066666666666667,18.6,0.172,11.0,1.9333333333333333,91.6
71,77,2013-12-14,10,1,2013-2014,Brasília,Palmeiras,83.73333333333333,33.6,38.93333333333333,11.2,32.6,7.2,25.4,15.666666666666666,12.133333333333333,1.4700000000000002,11.2,28.066666666666666,40.26733333333333,19.466666666666665,35.93333333333333,54.87466666666667,11.2,14.066666666666666,79.62466666666666,1.3333333333333333,6.6,0.564,2.7333333333333334,20.2,0.1406666666666667,12.133333333333333,2.4,93.0,76.66666666666667,22.0,39.333333333333336,15.333333333333334,36.6,11.4,25.2,13.666666666666666,13.0,1.1786666666666668,7.333333333333333,22.666666666666668,32.324666666666666,19.666666666666668,39.86666666666667,50.015333333333324,15.333333333333334,22.666666666666668,66.97866666666665,2.2666666666666666,8.066666666666666,0.6679999999999999,2.6666666666666665,20.333333333333332,0.13,13.0,3.6,81.8
59,81,2013-12-14,10,1,2013-2014,Flamengo,Coop/São José Basketball,81.53333333333333,22.6,42.666666666666664,16.266666666666666,33.86666666666667,10.0,23.866666666666667,14.066666666666666,13.6,1.12,7.533333333333333,22.466666666666665,33.87533333333333,21.333333333333332,38.8,55.36933333333334,16.266666666666666,21.066666666666666,77.884,1.9333333333333333,8.133333333333333,0.6066666666666668,2.466666666666667,20.466666666666665,0.12000000000000001,13.6,2.3333333333333335,89.26666666666667,83.93333333333334,23.2,41.2,19.533333333333335,35.333333333333336,10.4,24.933333333333334,15.666666666666666,14.8,1.1013333333333335,7.733333333333333,22.2,35.79,20.6,39.06666666666667,52.57599999999999,19.533333333333335,24.266666666666666,80.632,0.6666666666666666,7.733333333333333,0.5559999999999999,2.3333333333333335,16.733333333333334,0.14466666666666664,14.8,3.533333333333333,92.53333333333333
71,90,2013-12-14,10,1,2013-2014,Bauru Basket,Limeira,76.73333333333333,24.4,39.06666666666667,13.266666666666667,31.933333333333334,9.133333333333333,22.8,14.666666666666666,13.133333333333333,1.254,8.133333333333333,22.4,37.02933333333335,19.533333333333335,36.06666666666667,54.97933333333334,13.266666666666667,18.933333333333334,69.61600000000001,1.6,7.2,0.5926666666666666,1.4,18.533333333333335,0.08533333333333334,13.133333333333333,2.4,82.33333333333333,82.73333333333333,26.8,42.0,13.933333333333334,32.53333333333333,8.466666666666667,24.066666666666666,16.333333333333332,10.8,1.6199999999999999,8.933333333333334,21.666666666666668,42.062000000000005,21.0,39.13333333333333,53.822,13.933333333333334,17.866666666666667,77.49600000000001,1.2666666666666666,8.2,0.8133333333333332,2.2,21.266666666666666,0.10466666666666669,10.8,2.3333333333333335,96.4
83,84,2013-12-14,10,1,2013-2014,Sesi Franca,Paulistano,74.73333333333333,18.0,40.8,15.933333333333334,31.466666666666665,9.533333333333333,21.933333333333334,13.666666666666666,14.533333333333333,1.06,6.0,17.533333333333335,32.885999999999996,20.4,41.4,49.45799999999999,15.933333333333334,21.733333333333334,73.546,1.5333333333333334,8.866666666666667,0.6473333333333334,2.533333333333333,19.066666666666666,0.1446666666666667,14.533333333333333,2.2666666666666666,78.4,77.73333333333333,24.4,40.0,13.333333333333334,32.333333333333336,10.133333333333333,22.2,11.466666666666667,13.4,0.9760000000000001,8.133333333333333,22.533333333333335,36.79933333333334,20.0,38.733333333333334,51.642,13.333333333333334,19.066666666666666,68.09400000000001,1.2,7.533333333333333,0.6453333333333333,1.4,22.2,0.06866666666666667,13.4,2.7333333333333334,78.2
87,63,2013-12-14,10,1,2013-2014,Uberlândia,L. Sorocabana,84.0,29.2,40.0,14.8,33.06666666666667,8.933333333333334,24.133333333333333,17.466666666666665,10.933333333333334,1.821333333333333,9.733333333333333,22.0,44.15533333333334,20.0,37.86666666666667,53.36866666666666,14.8,18.866666666666667,79.37866666666667,3.3333333333333335,6.6,0.6466666666666666,2.1333333333333333,19.066666666666666,0.11466666666666668,10.933333333333334,2.7333333333333334,98.13333333333334,73.26666666666667,20.0,38.0,15.266666666666667,27.466666666666665,8.6,18.866666666666667,10.8,10.933333333333334,1.0439999999999998,6.666666666666667,19.066666666666666,34.43533333333333,19.0,37.733333333333334,50.808666666666674,15.266666666666667,21.2,72.00933333333333,1.3333333333333333,9.2,0.9226666666666665,1.8,22.733333333333334,0.08200000000000002,10.933333333333334,2.0,74.53333333333333
78,60,2013-12-14,10,1,2013-2014,Fortaleza B. C. / CFO,Espírito Santo,77.4,19.6,45.6,12.2,30.066666666666666,9.2,20.866666666666667,13.133333333333333,11.466666666666667,1.3999999999999997,6.533333333333333,20.0,33.00466666666667,22.8,43.46666666666667,52.818666666666665,12.2,16.6,72.68466666666667,1.9333333333333333,9.733333333333333,0.9933333333333335,1.8,21.8,0.082,11.466666666666667,2.933333333333333,82.13333333333334,72.53333333333333,27.6,36.0,15.933333333333334,29.333333333333332,9.2,20.133333333333333,11.466666666666667,12.6,1.0826666666666669,6.866666666666666,22.533333333333335,30.248,18.0,38.0,47.50000000000001,15.933333333333334,20.533333333333335,77.13733333333333,1.7333333333333334,7.4,0.6479999999999999,1.0,17.333333333333332,0.06199999999999999,12.6,2.0,69.4
78,91,2013-12-16,2,1,2013-2014,Macaé Basquete,Brasília,80.0,22.666666666666668,41.333333333333336,16.0,32.22222222222222,9.11111111111111,23.11111111111111,13.88888888888889,10.555555555555555,1.99,7.555555555555555,22.333333333333332,33.91666666666666,20.666666666666668,40.0,51.55888888888889,16.0,20.77777777777778,80.14000000000003,0.5555555555555556,10.11111111111111,1.4566666666666668,1.1111111111111112,20.444444444444443,0.054444444444444434,10.555555555555555,1.1111111111111112,87.88888888888889,84.4,33.8,38.53333333333333,12.066666666666666,33.86666666666667,7.2,26.666666666666668,15.4,11.8,1.4780000000000002,11.266666666666667,28.466666666666665,39.83133333333333,19.266666666666666,35.333333333333336,55.18933333333333,12.066666666666666,14.933333333333334,80.542,1.3333333333333333,6.466666666666667,0.5673333333333334,2.6,20.533333333333335,0.13133333333333336,11.8,2.0,94.8
67,88,2013-12-19,11,1,2013-2014,Limeira,Flamengo,82.66666666666667,25.6,42.53333333333333,14.533333333333333,32.53333333333333,8.866666666666667,23.666666666666668,16.4,10.666666666666666,1.6326666666666665,8.533333333333333,20.866666666666667,41.506,21.266666666666666,39.8,53.73799999999999,14.533333333333333,18.866666666666667,76.696,1.2,8.266666666666667,0.8219999999999998,2.4,21.466666666666665,0.11266666666666668,10.666666666666666,2.3333333333333335,96.4,82.6,23.8,42.13333333333333,16.666666666666668,35.333333333333336,10.666666666666666,24.666666666666668,14.4,13.666666666666666,1.1420000000000001,7.933333333333334,22.733333333333334,35.18066666666667,21.066666666666666,38.266666666666666,55.32533333333333,16.666666666666668,21.266666666666666,79.05799999999999,2.0,7.8,0.5726666666666667,2.466666666666667,20.733333333333334,0.11933333333333333,13.666666666666666,2.2666666666666666,92.33333333333333
90,86,2013-12-19,11,1,2013-2014,Bauru Basket,Macaé Basquete,77.6,24.4,38.13333333333333,15.066666666666666,31.933333333333334,9.333333333333334,22.6,13.933333333333334,12.333333333333334,1.2946666666666664,8.133333333333333,22.533333333333335,36.812000000000005,19.066666666666666,36.46666666666667,52.607333333333344,15.066666666666666,20.8,71.62066666666666,1.5333333333333334,7.466666666666667,0.6666666666666665,1.1333333333333333,19.0,0.06466666666666666,12.333333333333334,2.3333333333333335,82.2,80.6,22.5,42.4,15.7,32.3,8.6,23.7,14.5,11.0,1.9240000000000002,7.5,21.9,34.413999999999994,21.2,39.9,53.06999999999999,15.7,20.7,78.62600000000002,0.5,9.5,1.338,1.2,21.3,0.055999999999999994,11.0,1.6,89.0
90,78,2013-12-19,11,1,2013-2014,Coop/São José Basketball,Mogi,84.33333333333333,24.4,41.06666666666667,18.866666666666667,35.2,10.466666666666667,24.733333333333334,15.8,14.933333333333334,1.0973333333333335,8.133333333333333,22.8,36.653999999999996,20.533333333333335,38.8,52.834666666666664,18.866666666666667,23.4,80.37533333333333,0.6666666666666666,7.866666666666666,0.5606666666666665,2.2,16.6,0.13866666666666666,14.933333333333334,3.533333333333333,93.0,80.86666666666666,19.8,40.266666666666666,20.8,35.333333333333336,10.466666666666667,24.866666666666667,14.333333333333334,14.0,1.1246666666666667,6.6,18.266666666666666,36.99066666666667,20.133333333333333,39.733333333333334,50.43866666666667,20.8,26.4,78.73666666666666,0.9333333333333333,8.933333333333334,0.6606666666666666,1.6666666666666667,20.933333333333334,0.08200000000000002,14.0,2.4,90.26666666666667
59,65,2013-12-19,11,1,2013-2014,Minas,Sesi Franca,67.73333333333333,15.0,38.8,13.933333333333334,29.6,7.466666666666667,22.133333333333333,13.0,13.4,1.0433333333333332,5.0,17.133333333333333,28.256000000000004,19.4,39.266666666666666,49.867333333333335,13.933333333333334,18.666666666666668,76.86600000000001,1.4,8.666666666666666,0.6726666666666665,2.466666666666667,22.066666666666666,0.11400000000000003,13.4,2.6,71.33333333333333,74.26666666666667,17.8,41.2,15.266666666666667,31.533333333333335,9.533333333333333,22.0,13.666666666666666,15.2,0.9973333333333333,5.933333333333334,17.8,32.245999999999995,20.6,40.6,50.893333333333324,15.266666666666667,20.866666666666667,72.92800000000001,1.4,9.4,0.652,2.2,19.2,0.12466666666666669,15.2,2.4,78.4
96,74,2013-12-19,11,1,2013-2014,Paulistano,Brasília,79.4,25.4,40.8,13.2,32.666666666666664,10.0,22.666666666666668,11.533333333333333,12.666666666666666,1.0213333333333334,8.466666666666667,23.266666666666666,37.065999999999995,20.4,38.86666666666667,52.61,13.2,18.6,69.32333333333334,1.0666666666666667,7.733333333333333,0.682,1.4666666666666666,22.266666666666666,0.07133333333333333,12.666666666666666,2.1333333333333333,81.46666666666667,82.53333333333333,32.4,37.2,12.933333333333334,33.13333333333333,7.4,25.733333333333334,14.133333333333333,11.333333333333334,1.4253333333333331,10.8,28.466666666666665,37.964666666666666,18.6,34.6,54.47466666666666,12.933333333333334,15.866666666666667,81.042,1.0666666666666667,6.666666666666667,0.5960000000000001,2.2,20.666666666666668,0.10800000000000001,11.333333333333334,1.9333333333333333,90.73333333333333
96,98,2013-12-19,11,1,2013-2014,L. Sorocabana,Goiânia,74.26666666666667,20.4,38.53333333333333,15.333333333333334,28.2,8.933333333333334,19.266666666666666,11.333333333333334,11.4,1.0673333333333332,6.8,19.466666666666665,34.17866666666667,19.266666666666666,38.0,51.15866666666667,15.333333333333334,21.266666666666666,72.07533333333335,1.4,9.4,0.884,2.0,22.933333333333334,0.08933333333333333,11.4,2.066666666666667,76.46666666666667,77.2,24.9,37.8,14.5,31.6,8.0,23.6,14.2,12.8,1.306,8.3,23.4,36.284,18.9,34.9,54.27,14.5,19.0,76.22800000000001,1.1,7.4,0.6180000000000001,1.3,21.6,0.06299999999999999,12.8,3.4,83.3
98,91,2013-12-20,12,1,2013-2014,Pinheiros,Palmeiras,85.73333333333333,33.4,38.8,13.533333333333333,31.266666666666666,7.8,23.466666666666665,16.333333333333332,11.266666666666667,1.686666666666667,11.133333333333333,26.6,42.198,19.4,36.13333333333333,53.974000000000004,13.533333333333333,18.333333333333332,73.39866666666667,2.3333333333333335,7.8,0.7653333333333333,3.466666666666667,18.666666666666668,0.19466666666666665,11.266666666666667,1.8,96.33333333333333,76.8,21.8,40.13333333333333,14.866666666666667,36.666666666666664,12.2,24.466666666666665,13.333333333333334,12.933333333333334,1.152666666666667,7.266666666666667,22.733333333333334,31.833333333333332,20.066666666666666,41.06666666666667,49.56733333333332,14.866666666666667,22.2,66.29266666666666,2.2666666666666666,8.666666666666666,0.7460000000000001,2.466666666666667,20.6,0.11933333333333333,12.933333333333334,3.7333333333333334,81.2
83,91,2013-12-21,12,1,2013-2014,Minas,Uberlândia,67.53333333333333,14.6,38.93333333333333,14.0,29.8,7.8,22.0,13.4,13.333333333333334,1.0779999999999998,4.866666666666666,16.866666666666667,27.93866666666667,19.466666666666665,39.733333333333334,49.306,14.0,19.2,75.29866666666666,1.7333333333333334,8.733333333333333,0.6799999999999999,2.3333333333333335,23.066666666666666,0.10333333333333335,13.333333333333334,2.7333333333333334,71.0,84.13333333333334,28.0,40.266666666666666,15.866666666666667,33.13333333333333,9.266666666666667,23.866666666666667,17.4,10.8,1.8326666666666669,9.333333333333334,21.4,43.72066666666667,20.133333333333333,38.13333333333333,53.32266666666666,15.866666666666667,20.333333333333332,78.80866666666667,3.3333333333333335,6.533333333333333,0.6479999999999999,2.2,19.4,0.11600000000000002,10.8,2.466666666666667,98.06666666666666
94,96,2013-12-21,12,1,2013-2014,Bauru Basket,Flamengo,79.26666666666667,25.8,37.733333333333334,15.733333333333333,32.333333333333336,9.333333333333334,23.0,14.4,11.133333333333333,1.464,8.6,23.733333333333334,37.13733333333333,18.866666666666667,36.4,52.089333333333336,15.733333333333333,21.333333333333332,72.57400000000001,1.6666666666666667,7.866666666666666,0.7646666666666666,1.2,19.066666666666666,0.068,11.133333333333333,2.4,85.66666666666667,82.33333333333333,24.0,41.06666666666667,17.266666666666666,35.93333333333333,10.533333333333333,25.4,14.266666666666667,13.8,1.1173333333333335,8.0,23.133333333333333,34.86266666666666,20.533333333333335,37.46666666666667,55.184666666666665,17.266666666666666,21.8,79.67733333333332,2.0,7.2,0.5199999999999999,2.4,20.666666666666668,0.11733333333333333,13.8,2.4,91.73333333333333
54,71,2013-12-21,12,1,2013-2014,Coop/São José Basketball,Fortaleza B. C. / CFO,81.4,23.8,40.53333333333333,17.066666666666666,35.266666666666666,10.666666666666666,24.6,15.533333333333333,15.066666666666666,1.064,7.933333333333334,22.8,35.98733333333334,20.266666666666666,38.6,52.30533333333333,17.066666666666666,21.466666666666665,78.73533333333333,0.6666666666666666,7.8,0.5473333333333333,2.066666666666667,16.0,0.13533333333333336,15.066666666666666,3.533333333333333,89.4,77.2,20.0,45.2,12.0,31.266666666666666,9.133333333333333,22.133333333333333,13.4,11.8,1.3793333333333329,6.666666666666667,20.0,33.61066666666667,22.6,42.733333333333334,53.205999999999996,12.0,16.466666666666665,70.46266666666666,2.1333333333333333,9.933333333333334,0.9839999999999999,1.8666666666666667,21.6,0.08666666666666667,11.8,3.2,83.93333333333334
95,93,2013-12-21,12,1,2013-2014,Paulistano,Goiânia,79.8,25.0,40.4,14.4,32.666666666666664,9.733333333333333,22.933333333333334,11.466666666666667,12.533333333333333,1.024,8.333333333333334,23.2,36.576,20.2,38.93333333333333,51.95933333333333,14.4,19.533333333333335,70.96466666666669,0.8,8.533333333333333,0.738,1.4666666666666666,21.8,0.07133333333333333,12.533333333333333,1.8666666666666667,82.66666666666667,78.63636363636364,23.727272727272727,39.81818181818182,15.090909090909092,31.454545454545453,7.818181818181818,23.636363636363637,14.181818181818182,13.636363636363637,1.2454545454545456,7.909090909090909,22.09090909090909,37.025454545454544,19.90909090909091,35.90909090909091,55.26545454545455,15.090909090909092,19.90909090909091,75.8809090909091,1.2727272727272727,7.7272727272727275,0.6072727272727273,1.3636363636363635,22.272727272727273,0.06363636363636363,13.636363636363637,3.3636363636363638,84.72727272727273
83,84,2013-12-21,12,1,2013-2014,L. Sorocabana,Brasília,74.73333333333333,20.6,38.666666666666664,15.466666666666667,29.8,9.4,20.4,11.4,11.933333333333334,1.016,6.866666666666666,20.066666666666666,33.40133333333333,19.333333333333332,38.13333333333333,51.17133333333334,15.466666666666667,21.533333333333335,71.65866666666668,1.4,9.933333333333334,0.8886666666666667,1.8666666666666667,22.866666666666667,0.08400000000000002,11.933333333333334,2.066666666666667,77.73333333333333,83.06666666666666,33.2,36.666666666666664,13.2,33.86666666666667,7.4,26.466666666666665,14.0,11.733333333333333,1.3899999999999997,11.066666666666666,28.6,38.65933333333333,18.333333333333332,34.53333333333333,53.742,13.2,16.066666666666666,81.93933333333332,1.0666666666666667,7.066666666666666,0.6073333333333334,2.4,20.6,0.11666666666666668,11.733333333333333,2.0,92.06666666666666
76,74,2013-12-21,12,1,2013-2014,Limeira,Macaé Basquete,81.53333333333333,25.0,42.266666666666666,14.266666666666667,32.53333333333333,8.533333333333333,24.0,16.4,10.533333333333333,1.6486666666666665,8.333333333333334,20.2,41.663333333333334,21.133333333333333,39.53333333333333,53.77933333333333,14.266666666666667,19.0,75.22133333333335,1.1333333333333333,8.333333333333334,0.8366666666666666,2.2666666666666666,21.2,0.10800000000000001,10.533333333333333,2.2,95.53333333333333,80.0,22.90909090909091,41.09090909090909,16.0,31.90909090909091,8.545454545454545,23.363636363636363,14.909090909090908,11.0,1.9063636363636365,7.636363636363637,21.90909090909091,35.00454545454545,20.545454545454547,38.90909090909091,52.634545454545446,16.0,20.818181818181817,79.32909090909094,0.9090909090909091,9.363636363636363,1.282727272727273,1.0909090909090908,21.272727272727273,0.050909090909090904,11.0,1.4545454545454546,88.81818181818181
75,68,2014-01-05,13,1,2013-2014,Palmeiras,Paulistano,77.73333333333333,22.4,40.266666666666666,15.066666666666666,37.4,12.533333333333333,24.866666666666667,13.866666666666667,12.4,1.2466666666666668,7.466666666666667,23.133333333333333,32.396,20.133333333333333,41.4,49.273999999999994,15.066666666666666,22.666666666666668,65.97533333333334,2.4,9.0,0.8106666666666665,2.533333333333333,20.733333333333334,0.12333333333333334,12.4,3.466666666666667,83.6,79.73333333333333,25.0,39.733333333333334,15.0,32.6,9.8,22.8,11.4,12.866666666666667,0.998,8.333333333333334,23.266666666666666,36.52066666666667,19.866666666666667,38.46666666666667,51.715333333333334,15.0,19.533333333333335,73.96466666666669,0.8,8.733333333333333,0.7446666666666666,1.5333333333333334,22.333333333333332,0.07266666666666667,12.866666666666667,1.8666666666666667,83.06666666666666
53,62,2014-01-05,13,1,2013-2014,Goiânia,Minas,76.5,22.5,39.333333333333336,14.666666666666666,31.833333333333332,7.75,24.083333333333332,14.083333333333334,13.583333333333334,1.225,7.5,22.083333333333332,35.07666666666666,19.666666666666668,35.833333333333336,54.70750000000001,14.666666666666666,19.333333333333332,75.9675,1.1666666666666667,7.583333333333333,0.5950000000000001,1.25,22.416666666666668,0.05833333333333333,13.583333333333334,3.3333333333333335,82.25,68.2,14.6,39.2,14.4,29.733333333333334,7.266666666666667,22.466666666666665,13.866666666666667,12.733333333333333,1.1406666666666667,4.866666666666666,17.133333333333333,27.669333333333334,19.6,39.333333333333336,50.117333333333335,14.4,19.533333333333335,75.91133333333332,1.7333333333333334,8.733333333333333,0.7053333333333335,2.2,22.933333333333334,0.09733333333333336,12.733333333333333,2.7333333333333334,72.86666666666666
98,73,2014-01-05,13,1,2013-2014,Brasília,Espírito Santo,82.93333333333334,32.8,37.6,12.533333333333333,34.06666666666667,7.866666666666666,26.2,14.333333333333334,11.466666666666667,1.4959999999999998,10.933333333333334,28.266666666666666,38.63866666666666,18.8,35.53333333333333,53.47133333333333,12.533333333333333,15.533333333333333,80.82133333333333,1.2,7.4,0.6726666666666666,2.3333333333333335,20.0,0.12066666666666666,11.466666666666667,1.9333333333333333,92.53333333333333,71.73333333333333,24.8,35.86666666666667,14.866666666666667,30.0,9.266666666666667,20.733333333333334,11.6,12.733333333333333,1.084666666666667,7.0,22.6,30.730666666666664,17.933333333333334,38.13333333333333,47.20066666666666,14.866666666666667,19.333333333333332,77.07333333333332,1.7333333333333334,7.266666666666667,0.634,1.0,17.4,0.061333333333333344,12.733333333333333,2.066666666666667,68.8
75,74,2014-01-05,13,1,2013-2014,Mogi,Bauru Basket,81.33333333333333,19.8,41.2,20.333333333333332,36.53333333333333,11.866666666666667,24.666666666666668,14.266666666666667,14.866666666666667,1.0539999999999998,6.6,18.933333333333334,36.102,20.6,40.6,50.809999999999995,20.333333333333332,25.866666666666667,78.50133333333333,1.0666666666666667,9.933333333333334,0.6980000000000001,1.8,20.8,0.09000000000000001,14.866666666666667,2.6,91.13333333333334,78.46666666666667,26.2,36.53333333333333,15.733333333333333,32.2,9.133333333333333,23.066666666666666,14.2,11.6,1.415333333333333,8.733333333333333,23.466666666666665,38.16266666666666,18.266666666666666,36.2,50.53333333333334,15.733333333333333,21.4,72.336,1.6,8.533333333333333,0.7899999999999999,1.4666666666666666,18.933333333333334,0.084,11.6,2.2,84.93333333333334
73,64,2014-01-05,13,1,2013-2014,Fortaleza B. C. / CFO,Limeira,76.8,19.2,45.6,12.0,32.13333333333333,10.0,22.133333333333333,13.466666666666667,11.933333333333334,1.369333333333333,6.4,20.133333333333333,32.24733333333333,22.8,43.46666666666667,52.764666666666656,12.0,16.933333333333334,68.56066666666668,2.3333333333333335,10.2,1.0,2.0,21.466666666666665,0.09400000000000001,11.933333333333334,3.1333333333333333,83.33333333333333,79.93333333333334,25.2,41.06666666666667,13.666666666666666,32.266666666666666,8.266666666666667,24.0,16.0,10.866666666666667,1.5699999999999998,8.4,20.666666666666668,41.34466666666667,20.533333333333335,38.46666666666667,53.75333333333333,13.666666666666666,18.4,73.89799999999998,1.0,8.4,0.8173333333333335,2.2,21.266666666666666,0.10400000000000002,10.866666666666667,2.2,93.0
95,65,2014-01-05,13,1,2013-2014,Pinheiros,L. Sorocabana,85.2,33.6,38.0,13.6,31.4,7.866666666666666,23.533333333333335,16.333333333333332,11.133333333333333,1.706,11.2,26.6,42.36866666666667,19.0,35.333333333333336,54.14666666666666,13.6,18.133333333333333,74.47,2.3333333333333335,8.533333333333333,0.8346666666666667,3.466666666666667,18.533333333333335,0.1953333333333333,11.133333333333333,1.7333333333333334,97.53333333333333,73.6,20.6,37.733333333333334,15.266666666666667,30.466666666666665,9.8,20.666666666666668,11.133333333333333,12.066666666666666,0.9933333333333334,6.866666666666666,20.2,33.236,18.866666666666667,38.2,49.726000000000006,15.266666666666667,20.933333333333334,72.64333333333335,1.4,10.0,0.8879999999999999,1.8,22.8,0.08133333333333334,12.066666666666666,2.0,76.6
92,104,2014-01-05,13,1,2013-2014,Uberlândia,Coop/São José Basketball,84.13333333333334,28.6,40.266666666666666,15.266666666666667,33.53333333333333,9.333333333333334,24.2,18.133333333333333,10.933333333333334,1.8713333333333333,9.533333333333333,22.333333333333332,42.89533333333333,20.133333333333333,38.266666666666666,53.118,15.266666666666667,19.333333333333332,79.60866666666668,3.533333333333333,6.866666666666666,0.6719999999999999,2.2666666666666666,19.2,0.11999999999999998,10.933333333333334,2.6,99.0,83.0,24.6,41.06666666666667,17.333333333333332,34.6,10.266666666666667,24.333333333333332,15.4,13.8,1.1593333333333333,8.2,23.266666666666666,36.30466666666667,20.533333333333335,39.06666666666667,52.26466666666667,17.333333333333332,21.8,78.67666666666666,0.6666666666666666,8.066666666666666,0.5973333333333334,1.9333333333333333,15.466666666666667,0.13133333333333336,13.8,3.1333333333333333,91.13333333333334
91,82,2014-01-07,14,1,2013-2014,Sesi Franca,Coop/São José Basketball,75.53333333333333,18.4,41.733333333333334,15.4,32.266666666666666,9.733333333333333,22.533333333333335,14.133333333333333,15.0,1.0926666666666667,6.133333333333334,18.0,32.88133333333333,20.866666666666667,40.666666666666664,51.412,15.4,21.133333333333333,72.37266666666667,1.4,9.266666666666667,0.6626666666666667,2.2,18.133333333333333,0.14133333333333337,15.0,2.3333333333333335,81.0,82.86666666666666,24.8,42.4,15.666666666666666,34.53333333333333,10.4,24.133333333333333,16.0,13.333333333333334,1.2280000000000002,8.266666666666667,23.4,36.30466666666667,21.2,40.266666666666666,52.62666666666666,15.666666666666666,19.8,79.718,0.6666666666666666,8.066666666666666,0.6140000000000001,1.8666666666666667,15.0,0.13,13.333333333333334,2.933333333333333,91.66666666666667
82,83,2014-01-07,14,1,2013-2014,Goiânia,Espírito Santo,76.92307692307692,23.53846153846154,39.23076923076923,14.153846153846153,31.53846153846154,7.461538461538462,24.076923076923077,14.384615384615385,13.538461538461538,1.236923076923077,7.846153846153846,22.0,36.77384615384615,19.615384615384617,35.46153846153846,55.21384615384616,14.153846153846153,18.615384615384617,76.2776923076923,1.0769230769230769,7.230769230769231,0.566923076923077,1.3846153846153846,22.46153846153846,0.06384615384615384,13.538461538461538,3.230769230769231,83.46153846153847,71.46666666666667,21.8,34.93333333333333,14.733333333333333,30.133333333333333,9.333333333333334,20.8,11.6,12.533333333333333,1.1246666666666667,7.266666666666667,23.2,30.978000000000005,17.466666666666665,37.0,47.32866666666667,14.733333333333333,19.466666666666665,76.038,1.8,7.266666666666667,0.6599999999999999,1.0,17.866666666666667,0.05933333333333334,12.533333333333333,2.3333333333333335,68.73333333333333
79,69,2014-01-07,13,1,2013-2014,Flamengo,Macaé Basquete,80.53333333333333,23.8,39.6,17.133333333333333,36.8,11.133333333333333,25.666666666666668,13.933333333333334,13.8,1.0933333333333335,7.933333333333334,24.0,33.09400000000001,19.8,36.86666666666667,54.22933333333333,17.133333333333333,21.8,79.07133333333331,1.8,7.4,0.534,2.2,20.533333333333335,0.11000000000000001,13.8,2.4,89.26666666666667,79.08333333333333,22.5,40.166666666666664,16.416666666666668,31.75,8.25,23.5,14.25,11.166666666666666,1.7925000000000002,7.5,21.833333333333332,34.46833333333333,20.083333333333332,38.583333333333336,51.81999999999999,16.416666666666668,21.166666666666668,79.71833333333335,0.8333333333333334,9.416666666666666,1.24,1.0833333333333333,21.166666666666668,0.050833333333333335,11.166666666666666,1.6666666666666667,86.83333333333333
69,71,2014-01-07,14,1,2013-2014,Palmeiras,L. Sorocabana,77.06666666666666,22.6,40.0,14.466666666666667,36.86666666666667,12.533333333333333,24.333333333333332,14.533333333333333,12.533333333333333,1.2833333333333334,7.533333333333333,23.8,31.916666666666668,20.0,40.733333333333334,49.861999999999995,14.466666666666667,22.066666666666666,65.30866666666667,2.6666666666666665,9.533333333333333,0.8453333333333333,2.6,20.4,0.12933333333333333,12.533333333333333,3.466666666666667,83.46666666666667,73.73333333333333,20.8,38.13333333333333,14.8,31.133333333333333,10.2,20.933333333333334,10.8,12.066666666666666,0.966,6.933333333333334,19.733333333333334,34.81466666666667,19.066666666666666,39.4,48.874,14.8,20.0,73.30799999999999,1.4,10.266666666666667,0.9099999999999999,1.9333333333333333,22.066666666666666,0.09133333333333334,12.066666666666666,2.066666666666667,77.46666666666667
82,54,2014-01-07,14,1,2013-2014,Brasília,Minas,82.33333333333333,31.8,38.13333333333333,12.4,34.2,8.2,26.0,14.4,11.533333333333333,1.4893333333333334,10.6,28.0,37.943999999999996,19.066666666666666,35.86666666666667,53.75733333333333,12.4,15.4,80.72866666666667,1.2666666666666666,8.0,0.738,2.4,19.866666666666667,0.12533333333333332,11.533333333333333,1.8,92.6,67.53333333333333,14.8,38.4,14.333333333333334,30.866666666666667,7.533333333333333,23.333333333333332,13.266666666666667,13.2,1.0646666666666667,4.933333333333334,16.933333333333334,28.41466666666667,19.2,39.06666666666667,49.39333333333333,14.333333333333334,20.0,73.60333333333332,1.6666666666666667,8.466666666666667,0.6646666666666668,2.4,23.133333333333333,0.10800000000000003,13.2,2.8,71.8
67,78,2014-01-07,14,1,2013-2014,Mogi,Limeira,81.06666666666666,20.4,40.93333333333333,19.733333333333334,36.06666666666667,12.066666666666666,24.0,14.133333333333333,14.466666666666667,1.0646666666666667,6.8,19.8,35.78466666666667,20.466666666666665,40.06666666666667,51.12733333333334,19.733333333333334,25.6,76.12066666666665,1.1333333333333333,10.4,0.7446666666666667,1.7333333333333334,20.266666666666666,0.08733333333333333,14.466666666666667,2.6,90.46666666666667,78.8,25.2,40.53333333333333,13.066666666666666,32.666666666666664,8.666666666666666,24.0,16.0,11.066666666666666,1.5579999999999998,8.4,20.8,41.071999999999996,20.266666666666666,38.2,53.433333333333316,13.066666666666666,17.533333333333335,74.85066666666668,1.0,8.466666666666667,0.8146666666666668,2.066666666666667,21.0,0.09933333333333334,11.066666666666666,2.1333333333333333,92.13333333333334
84,80,2014-01-07,14,1,2013-2014,Fortaleza B. C. / CFO,Bauru Basket,76.6,19.0,45.46666666666667,12.133333333333333,33.266666666666666,10.666666666666666,22.6,12.933333333333334,11.866666666666667,1.3346666666666667,6.333333333333333,20.2,31.634666666666664,22.733333333333334,43.93333333333333,51.89933333333333,12.133333333333333,17.0,68.88333333333334,2.3333333333333335,10.066666666666666,0.9933333333333333,2.0,21.133333333333333,0.09533333333333334,11.866666666666667,3.066666666666667,83.06666666666666,78.0,26.0,36.0,16.0,31.666666666666668,9.0,22.666666666666668,13.733333333333333,11.4,1.3966666666666667,8.666666666666666,23.933333333333334,37.06666666666667,18.0,35.8,50.40533333333334,16.0,21.666666666666668,72.57999999999998,1.4,8.733333333333333,0.8193333333333332,1.5333333333333334,18.666666666666668,0.08733333333333333,11.4,2.0,83.53333333333333
91,93,2014-01-08,14,1,2013-2014,Pinheiros,Paulistano,85.2,33.6,37.2,14.4,31.6,7.733333333333333,23.866666666666667,16.2,12.0,1.4433333333333331,11.2,26.933333333333334,41.790666666666674,18.6,34.666666666666664,54.2,14.4,19.266666666666666,74.27,2.3333333333333335,8.866666666666667,0.778,3.8666666666666667,18.933333333333334,0.21,12.0,1.9333333333333333,97.06666666666666,79.86666666666666,25.2,38.666666666666664,16.0,33.06666666666667,10.066666666666666,23.0,11.066666666666666,12.866666666666667,0.9760000000000001,8.4,23.533333333333335,36.40466666666667,19.333333333333332,38.06666666666667,50.968666666666664,16.0,20.533333333333335,74.89333333333335,0.6,9.333333333333334,0.7846666666666665,1.2666666666666666,22.2,0.06266666666666668,12.866666666666667,1.8666666666666667,83.33333333333333
66,75,2014-01-11,15,1,2013-2014,Minas,Pinheiros,67.26666666666667,15.4,38.13333333333333,13.733333333333333,30.933333333333334,7.466666666666667,23.466666666666665,13.6,13.066666666666666,1.1079999999999999,5.133333333333334,17.0,29.468666666666667,19.066666666666666,39.46666666666667,48.73866666666666,13.733333333333333,19.466666666666665,72.30933333333334,1.6,8.8,0.7020000000000001,2.466666666666667,23.133333333333333,0.11133333333333335,13.066666666666666,2.6,72.0,85.13333333333334,33.0,37.733333333333334,14.4,32.8,7.8,25.0,16.6,12.4,1.4386666666666665,11.0,26.4,41.67400000000001,18.866666666666667,35.06666666666667,54.23733333333333,14.4,19.333333333333332,74.00066666666666,2.3333333333333335,9.266666666666667,0.7933333333333333,4.133333333333334,18.333333333333332,0.2313333333333333,12.4,2.0,99.0
92,76,2014-01-11,15,1,2013-2014,Flamengo,Mogi,80.8,25.0,38.93333333333333,16.866666666666667,37.333333333333336,11.133333333333333,26.2,14.666666666666666,13.733333333333333,1.1460000000000004,8.333333333333334,24.266666666666666,34.232,19.466666666666665,36.6,53.69266666666667,16.866666666666667,22.0,77.27733333333332,2.066666666666667,7.466666666666667,0.5393333333333333,2.2,20.6,0.10933333333333335,13.733333333333333,2.4,90.53333333333333,80.06666666666666,20.4,40.8,18.866666666666667,36.0,12.4,23.6,13.4,14.066666666666666,1.0413333333333332,6.8,19.6,36.289333333333325,20.4,40.266666666666666,50.663333333333334,18.866666666666667,25.4,73.69333333333334,1.1333333333333333,10.466666666666667,0.776,1.6666666666666667,20.333333333333332,0.084,14.066666666666666,2.6666666666666665,88.33333333333333
74,76,2014-01-11,15,1,2013-2014,Bauru Basket,Uberlândia,78.8,27.4,35.333333333333336,16.066666666666666,31.4,9.466666666666667,21.933333333333334,14.133333333333333,11.466666666666667,1.4206666666666665,9.133333333333333,24.2,38.852000000000004,17.666666666666668,35.6,49.76133333333334,16.066666666666666,21.6,73.43733333333333,1.4666666666666666,9.066666666666666,0.8393333333333334,1.5333333333333334,18.466666666666665,0.08866666666666667,11.466666666666667,1.8666666666666667,84.93333333333334,83.26666666666667,28.4,40.13333333333333,14.733333333333333,33.333333333333336,9.8,23.533333333333335,18.0,11.333333333333334,1.8366666666666664,9.466666666666667,22.6,41.85133333333333,20.066666666666666,37.86666666666667,53.599333333333334,14.733333333333333,18.8,79.02266666666668,3.6666666666666665,7.4,0.692,2.3333333333333335,19.0,0.12466666666666668,11.333333333333334,2.8,98.0
77,87,2014-01-11,15,1,2013-2014,Coop/São José Basketball,Brasília,82.26666666666667,25.4,42.666666666666664,14.2,35.733333333333334,10.533333333333333,25.2,16.266666666666666,13.466666666666667,1.24,8.466666666666667,23.866666666666667,36.54266666666667,21.333333333333332,40.4,52.785333333333334,14.2,17.866666666666667,80.24666666666667,0.7333333333333333,8.133333333333333,0.6113333333333333,2.3333333333333335,14.333333333333334,0.17533333333333337,13.466666666666667,3.0,93.13333333333334,83.46666666666667,33.6,37.6,12.266666666666667,35.266666666666666,8.266666666666667,27.0,14.533333333333333,11.6,1.49,11.2,28.6,39.352000000000004,18.8,36.0,53.03266666666668,12.266666666666667,15.2,80.88000000000001,1.2,8.266666666666667,0.7626666666666666,2.466666666666667,19.0,0.13933333333333334,11.6,1.7333333333333334,94.86666666666666
96,70,2014-01-11,15,1,2013-2014,Paulistano,L. Sorocabana,81.2,26.4,38.4,16.4,33.733333333333334,10.6,23.133333333333333,11.333333333333334,12.4,1.02,8.8,24.066666666666666,37.099333333333334,19.2,37.733333333333334,51.053999999999995,16.4,20.6,76.17200000000001,0.4,9.133333333333333,0.7833333333333333,1.2,21.466666666666665,0.06133333333333334,12.4,2.0,86.2,74.73333333333333,20.6,38.93333333333333,15.2,30.866666666666667,10.2,20.666666666666668,11.2,11.666666666666666,1.0893333333333333,6.866666666666666,19.8,34.36599999999999,19.466666666666665,39.53333333333333,49.779333333333334,15.2,20.466666666666665,73.52399999999999,1.4,10.666666666666666,1.012,2.0,22.6,0.09266666666666667,11.666666666666666,1.9333333333333333,79.53333333333333
64,80,2014-01-11,15,1,2013-2014,Limeira,Sesi Franca,77.6,25.2,39.333333333333336,13.066666666666666,32.46666666666667,8.333333333333334,24.133333333333333,15.8,11.0,1.5486666666666664,8.4,20.933333333333334,40.86333333333333,19.666666666666668,37.8,52.36066666666666,13.066666666666666,17.533333333333335,74.85066666666667,1.0,8.933333333333334,0.8866666666666665,2.2,20.933333333333334,0.10666666666666669,11.0,1.9333333333333333,90.86666666666666,75.6,18.6,41.86666666666667,15.133333333333333,32.93333333333333,9.533333333333333,23.4,14.6,15.266666666666667,1.1099999999999999,6.2,17.933333333333334,33.519999999999996,20.933333333333334,40.266666666666666,52.06133333333333,15.133333333333333,20.8,72.37266666666667,1.4666666666666666,9.133333333333333,0.6446666666666666,2.1333333333333333,17.866666666666667,0.13933333333333336,15.266666666666667,2.2666666666666666,82.4
90,95,2014-01-11,15,1,2013-2014,Espírito Santo,Palmeiras,73.06666666666666,23.8,34.8,14.466666666666667,29.666666666666668,9.533333333333333,20.133333333333333,11.733333333333333,13.0,1.0693333333333332,7.933333333333334,23.866666666666667,33.01133333333334,17.4,36.46666666666667,47.82066666666666,14.466666666666667,19.0,77.14933333333333,1.6666666666666667,7.933333333333334,0.7053333333333334,0.8666666666666667,18.2,0.048000000000000015,13.0,2.6,70.73333333333333,77.26666666666667,22.0,40.53333333333333,14.733333333333333,36.8,12.666666666666666,24.133333333333333,13.866666666666667,12.866666666666667,1.1773333333333333,7.333333333333333,23.2,32.31666666666667,20.266666666666666,40.53333333333333,50.82666666666667,14.733333333333333,22.0,66.84866666666667,2.533333333333333,9.6,0.8246666666666667,2.4,20.2,0.12066666666666667,12.866666666666667,3.466666666666667,83.66666666666667
80,74,2014-01-11,15,1,2013-2014,Macaé Basquete,Fortaleza B. C. / CFO,79.15384615384616,22.846153846153847,39.69230769230769,16.615384615384617,31.76923076923077,8.153846153846153,23.615384615384617,14.307692307692308,10.76923076923077,1.8469230769230771,7.615384615384615,22.0,34.701538461538455,19.846153846153847,38.46153846153846,51.36846153846154,16.615384615384617,21.384615384615383,79.67615384615387,1.0,9.538461538461538,1.2853846153846153,1.2307692307692308,21.0,0.05923076923076923,10.76923076923077,1.6153846153846154,87.46153846153847,75.86666666666666,18.2,45.86666666666667,11.8,34.4,10.933333333333334,23.466666666666665,12.6,11.666666666666666,1.3193333333333335,6.066666666666666,20.0,30.595333333333333,22.933333333333334,44.666666666666664,51.513999999999996,11.8,16.533333333333335,69.042,2.2,10.0,0.9933333333333334,2.2666666666666666,20.733333333333334,0.10800000000000001,11.666666666666666,2.8666666666666667,83.06666666666666
79,74,2014-01-13,16,1,2013-2014,Macaé Basquete,Mogi,79.14285714285714,22.928571428571427,39.285714285714285,16.928571428571427,31.714285714285715,8.142857142857142,23.571428571428573,14.071428571428571,10.928571428571429,1.775714285714286,7.642857142857143,21.857142857142858,35.08,19.642857142857142,38.214285714285715,51.16857142857143,16.928571428571427,21.714285714285715,79.75428571428573,1.0,9.357142857142858,1.2321428571428572,1.2142857142857142,21.214285714285715,0.057857142857142864,10.928571428571429,1.6428571428571428,87.0,79.66666666666667,21.2,39.6,18.866666666666667,36.733333333333334,12.866666666666667,23.866666666666667,13.133333333333333,13.8,1.0379999999999998,7.066666666666666,20.466666666666665,35.62266666666666,19.8,39.666666666666664,49.754,18.866666666666667,25.533333333333335,73.29799999999999,1.0666666666666667,10.666666666666666,0.8,1.5333333333333334,20.866666666666667,0.07466666666666667,13.8,2.7333333333333334,88.0
87,72,2014-01-13,16,1,2013-2014,Bauru Basket,Sesi Franca,79.4,27.2,36.0,16.2,31.4,9.6,21.8,14.2,11.466666666666667,1.4259999999999997,9.066666666666666,23.933333333333334,39.06266666666667,18.0,35.93333333333333,50.108666666666664,16.2,21.4,74.85666666666665,1.4666666666666666,9.266666666666667,0.8546666666666667,1.6,18.733333333333334,0.09066666666666667,11.466666666666667,1.7333333333333334,86.33333333333333,75.2,18.4,41.6,15.2,33.4,10.0,23.4,14.866666666666667,15.4,1.122,6.133333333333334,18.0,32.907333333333334,20.8,40.266666666666666,51.71066666666666,15.2,20.8,72.69000000000001,1.4,9.533333333333333,0.6726666666666666,2.1333333333333333,17.8,0.13933333333333336,15.4,2.2666666666666666,82.73333333333333
69,81,2014-01-13,16,1,2013-2014,Limeira,Uberlândia,76.53333333333333,24.4,39.2,12.933333333333334,32.2,8.133333333333333,24.066666666666666,15.866666666666667,11.066666666666666,1.5346666666666664,8.133333333333333,20.533333333333335,40.36533333333333,19.6,37.733333333333334,52.25599999999999,12.933333333333334,17.666666666666668,73.78999999999999,0.9333333333333333,8.866666666666667,0.8646666666666666,2.2666666666666666,21.066666666666666,0.10866666666666669,11.066666666666666,2.0,89.4,82.46666666666667,27.4,40.53333333333333,14.533333333333333,33.13333333333333,9.533333333333333,23.6,17.866666666666667,11.733333333333333,1.7746666666666668,9.133333333333333,22.066666666666666,41.656,20.266666666666666,37.86666666666667,54.187333333333335,14.533333333333333,18.8,77.97000000000001,3.6,7.333333333333333,0.6726666666666664,2.6,19.266666666666666,0.13533333333333333,11.733333333333333,3.066666666666667,96.86666666666666
82,75,2014-01-13,16,1,2013-2014,Coop/São José Basketball,Goiânia,81.33333333333333,25.2,41.6,14.533333333333333,36.733333333333334,10.666666666666666,26.066666666666666,15.533333333333333,14.0,1.1453333333333333,8.4,23.6,36.74133333333334,20.8,39.86666666666667,52.24666666666667,14.533333333333333,18.533333333333335,79.26866666666666,0.7333333333333333,8.0,0.5846666666666667,2.3333333333333335,14.133333333333333,0.1766666666666667,14.0,2.933333333333333,91.66666666666667,76.78571428571429,24.0,38.714285714285715,14.071428571428571,31.428571428571427,7.714285714285714,23.714285714285715,14.642857142857142,13.214285714285714,1.2914285714285716,8.0,21.928571428571427,37.54857142857143,19.357142857142858,36.285714285714285,53.70142857142857,14.071428571428571,18.357142857142858,77.02,1.0,7.785714285714286,0.6457142857142858,1.4285714285714286,22.571428571428573,0.06499999999999999,13.214285714285714,3.142857142857143,83.71428571428571
50,97,2014-01-13,16,1,2013-2014,Espírito Santo,Pinheiros,72.13333333333334,23.8,34.4,13.933333333333334,29.133333333333333,9.2,19.933333333333334,11.466666666666667,12.333333333333334,1.0713333333333332,7.933333333333334,24.0,32.844,17.2,35.8,47.96199999999999,13.933333333333334,18.4,76.88000000000001,1.3333333333333333,7.933333333333334,0.718,0.8666666666666667,18.333333333333332,0.048,12.333333333333334,2.533333333333333,70.06666666666666,85.93333333333334,32.0,39.86666666666667,14.066666666666666,34.06666666666667,8.066666666666666,26.0,16.866666666666667,12.4,1.4679999999999997,10.666666666666666,25.6,41.62466666666668,19.933333333333334,36.06666666666667,55.294000000000004,14.066666666666666,18.6,75.19733333333333,2.466666666666667,9.6,0.8300000000000001,4.2,18.133333333333333,0.23733333333333337,12.4,1.8666666666666667,102.66666666666667
85,75,2014-01-13,16,1,2013-2014,Minas,Palmeiras,68.93333333333334,15.8,38.93333333333333,14.2,31.266666666666666,7.666666666666667,23.6,13.933333333333334,13.266666666666667,1.1126666666666667,5.266666666666667,16.733333333333334,30.918666666666663,19.466666666666665,39.333333333333336,49.77266666666666,14.2,19.866666666666667,73.11066666666667,1.6,8.666666666666666,0.678,2.2666666666666666,22.866666666666667,0.10266666666666667,13.266666666666667,2.6666666666666665,74.8,77.46666666666667,20.8,41.733333333333334,14.933333333333334,36.266666666666666,12.466666666666667,23.8,13.466666666666667,13.266666666666667,1.1333333333333333,6.933333333333334,22.4,31.427999999999997,20.866666666666667,40.93333333333333,51.699333333333335,14.933333333333334,21.666666666666668,69.384,2.4,9.533333333333333,0.8066666666666665,2.533333333333333,20.4,0.12666666666666665,13.266666666666667,3.8,83.73333333333333
72,69,2014-01-13,16,1,2013-2014,Flamengo,Fortaleza B. C. / CFO,79.73333333333333,24.2,38.666666666666664,16.866666666666667,37.46666666666667,11.266666666666667,26.2,14.8,14.0,1.1213333333333335,8.066666666666666,24.333333333333332,33.214,19.333333333333332,36.06666666666667,54.233333333333334,16.866666666666667,22.2,75.796,2.1333333333333333,7.666666666666667,0.5366666666666667,2.2,20.266666666666666,0.11000000000000003,14.0,2.4,89.53333333333333,75.93333333333334,17.6,46.0,12.333333333333334,35.06666666666667,11.333333333333334,23.733333333333334,12.0,12.666666666666666,1.1193333333333333,5.866666666666666,18.733333333333334,31.074666666666666,23.0,45.266666666666666,50.84866666666667,12.333333333333334,17.2,69.93866666666666,2.3333333333333335,10.4,0.9533333333333331,2.066666666666667,20.533333333333335,0.09733333333333334,12.666666666666666,3.2666666666666666,82.8
65,67,2014-01-16,17,1,2013-2014,Goiânia,Limeira,76.0,23.4,38.266666666666666,14.333333333333334,32.13333333333333,8.0,24.133333333333333,14.666666666666666,12.6,1.4553333333333334,7.8,22.066666666666666,36.434,19.133333333333333,36.733333333333334,52.602000000000004,14.333333333333334,18.866666666666667,76.50066666666666,1.0666666666666667,7.933333333333334,0.7693333333333334,1.4666666666666666,22.533333333333335,0.06666666666666667,12.6,3.066666666666667,83.2,75.86666666666666,25.0,38.13333333333333,12.733333333333333,33.333333333333336,8.066666666666666,25.266666666666666,15.933333333333334,11.2,1.5246666666666664,8.333333333333334,20.466666666666665,41.22666666666667,19.066666666666666,37.6,50.88199999999999,12.733333333333333,17.466666666666665,73.52933333333334,0.9333333333333333,8.466666666666667,0.8173333333333332,2.533333333333333,20.666666666666668,0.12333333333333335,11.2,1.9333333333333333,89.53333333333333
80,66,2014-01-16,17,1,2013-2014,Paulistano,Minas,82.26666666666667,25.4,39.6,17.266666666666666,34.06666666666667,10.733333333333333,23.333333333333332,11.533333333333333,12.4,1.034,8.466666666666667,24.0,35.52066666666667,19.8,37.53333333333333,52.60066666666667,17.266666666666666,21.333333333333332,78.90200000000002,0.7333333333333333,9.8,0.8306666666666668,1.4666666666666666,21.4,0.078,12.4,2.2,89.4,69.06666666666666,14.6,39.86666666666667,14.6,31.533333333333335,7.6,23.933333333333334,13.6,13.666666666666666,1.0653333333333335,4.866666666666666,15.8,30.876,19.933333333333334,40.06666666666667,50.029333333333334,14.6,20.266666666666666,73.11066666666666,1.6,9.0,0.6893333333333334,2.4,22.933333333333334,0.10866666666666666,13.666666666666666,2.6,75.2
75,67,2014-01-16,17,1,2013-2014,L. Sorocabana,Espírito Santo,75.06666666666666,20.6,39.06666666666667,15.4,30.333333333333332,10.333333333333334,20.0,11.466666666666667,11.933333333333334,1.0913333333333335,6.866666666666666,19.8,34.366,19.533333333333335,39.266666666666666,50.302,15.4,20.6,73.97866666666667,1.4666666666666666,11.066666666666666,1.0286666666666666,1.9333333333333333,22.8,0.08866666666666667,11.933333333333334,2.2666666666666666,80.06666666666666,71.33333333333333,24.0,33.6,13.733333333333333,29.666666666666668,9.133333333333333,20.533333333333335,11.333333333333334,13.066666666666666,0.9946666666666668,8.0,23.8,33.53,16.8,35.333333333333336,47.67933333333334,13.733333333333333,18.6,75.05666666666667,1.3333333333333333,7.733333333333333,0.6606666666666666,0.9333333333333333,19.0,0.04866666666666667,13.066666666666666,2.933333333333333,68.73333333333333
92,74,2014-01-16,17,1,2013-2014,Palmeiras,Coop/São José Basketball,78.4,20.4,43.86666666666667,14.133333333333333,35.86666666666667,12.133333333333333,23.733333333333334,13.6,13.2,1.1613333333333336,6.8,21.933333333333334,31.592,21.933333333333334,41.733333333333334,53.52,14.133333333333333,20.866666666666667,68.49133333333334,2.466666666666667,9.4,0.7973333333333332,2.466666666666667,20.466666666666665,0.12266666666666666,13.2,3.8666666666666667,84.86666666666666,81.2,25.8,41.2,14.2,37.266666666666666,10.933333333333334,26.333333333333332,16.266666666666666,13.6,1.3113333333333335,8.6,24.2,36.832,20.6,39.733333333333334,51.93066666666667,14.2,18.266666666666666,78.27333333333334,0.8,8.066666666666666,0.6073333333333333,2.2666666666666666,13.8,0.17600000000000005,13.6,2.8666666666666667,92.66666666666667
82,72,2014-01-16,17,1,2013-2014,Brasília,Bauru Basket,83.53333333333333,33.8,37.86666666666667,11.866666666666667,35.46666666666667,8.066666666666666,27.4,14.933333333333334,11.066666666666666,1.608,11.266666666666667,28.933333333333334,39.07266666666667,18.933333333333334,36.06666666666667,53.28066666666666,11.866666666666667,14.733333333333333,80.93533333333332,1.1333333333333333,7.933333333333334,0.756,2.533333333333333,18.4,0.14400000000000002,11.066666666666666,1.6666666666666667,95.66666666666667,79.2,26.4,36.93333333333333,15.866666666666667,32.333333333333336,9.933333333333334,22.4,13.8,11.333333333333334,1.4146666666666665,8.8,23.866666666666667,38.20399999999999,18.466666666666665,36.333333333333336,50.73866666666667,15.866666666666667,21.466666666666665,73.03133333333334,1.6,9.2,0.8766666666666667,1.8,18.0,0.10733333333333334,11.333333333333334,1.8,86.4
82,68,2014-01-16,17,1,2013-2014,Sesi Franca,Macaé Basquete,76.0,19.4,41.333333333333336,15.266666666666667,33.6,10.266666666666667,23.333333333333332,14.666666666666666,15.533333333333333,1.0933333333333333,6.466666666666667,18.2,34.28333333333333,20.666666666666668,39.86666666666667,51.88399999999999,15.266666666666667,20.933333333333334,72.51133333333334,1.4,9.533333333333333,0.6679999999999999,2.4,17.933333333333334,0.1526666666666667,15.533333333333333,2.3333333333333335,84.0,78.4,22.4,39.46666666666667,16.533333333333335,31.333333333333332,8.0,23.333333333333332,14.133333333333333,10.933333333333334,1.7480000000000002,7.466666666666667,21.533333333333335,34.702,19.733333333333334,38.266666666666666,51.34733333333334,16.533333333333335,21.133333333333333,80.07866666666669,1.0,9.466666666666667,1.2166666666666666,1.3333333333333333,21.2,0.06333333333333334,10.933333333333334,1.8666666666666667,86.53333333333333
95,101,2014-01-16,17,1,2013-2014,Uberlândia,Flamengo,83.46666666666667,28.6,40.4,14.466666666666667,33.2,9.8,23.4,17.733333333333334,12.333333333333334,1.5766666666666667,9.533333333333333,22.2,42.882,20.2,38.2,53.34866666666665,14.466666666666667,18.733333333333334,77.892,3.466666666666667,7.666666666666667,0.6533333333333334,2.466666666666667,20.0,0.12466666666666668,12.333333333333334,2.933333333333333,97.26666666666667,81.33333333333333,25.2,38.53333333333333,17.6,37.266666666666666,11.466666666666667,25.8,15.0,14.266666666666667,1.0993333333333335,8.4,24.4,34.391333333333336,19.266666666666666,36.2,53.692,17.6,23.2,75.74866666666665,2.066666666666667,8.533333333333333,0.606,2.1333333333333333,20.2,0.1066666666666667,14.266666666666667,2.466666666666667,91.46666666666667
77,95,2014-01-18,18,1,2013-2014,Pinheiros,Coop/São José Basketball,87.53333333333333,32.8,40.93333333333333,13.8,33.666666666666664,8.066666666666666,25.6,17.133333333333333,12.4,1.4853333333333332,10.933333333333334,26.066666666666666,42.045333333333346,20.466666666666665,35.733333333333334,57.176,13.8,18.266666666666666,74.93599999999999,2.466666666666667,9.733333333333333,0.8386666666666668,3.8,18.133333333333333,0.21533333333333332,12.4,1.8666666666666667,104.6,81.73333333333333,26.4,41.06666666666667,14.266666666666667,37.46666666666667,10.733333333333333,26.733333333333334,15.733333333333333,13.6,1.2779999999999998,8.8,24.533333333333335,36.891333333333336,20.533333333333335,39.6,51.934666666666665,14.266666666666667,17.933333333333334,79.67333333333335,0.6,8.066666666666666,0.6073333333333333,2.2666666666666666,14.066666666666666,0.1746666666666667,13.6,2.6,93.2
82,67,2014-01-18,18,1,2013-2014,Brasília,Limeira,83.53333333333333,33.8,37.2,12.533333333333333,35.733333333333334,8.0,27.733333333333334,15.333333333333334,11.533333333333333,1.5493333333333335,11.266666666666667,28.933333333333334,39.07266666666666,18.6,35.2,53.714666666666666,12.533333333333333,15.666666666666666,79.60200000000002,1.3333333333333333,8.266666666666667,0.7459999999999999,2.7333333333333334,18.0,0.15733333333333335,11.533333333333333,1.6666666666666667,96.66666666666667,74.26666666666667,23.8,37.6,12.866666666666667,31.933333333333334,7.2,24.733333333333334,15.133333333333333,11.333333333333334,1.4566666666666668,7.933333333333334,20.0,40.25533333333333,18.8,36.733333333333334,51.255333333333326,12.866666666666667,17.733333333333334,73.202,0.5333333333333333,8.466666666666667,0.8093333333333333,2.4,20.666666666666668,0.11600000000000003,11.333333333333334,2.066666666666667,86.0
98,86,2014-01-18,18,1,2013-2014,Uberlândia,Macaé Basquete,85.33333333333333,30.0,41.2,14.133333333333333,33.13333333333333,9.733333333333333,23.4,18.666666666666668,12.666666666666666,1.59,10.0,22.466666666666665,44.03666666666666,20.6,38.333333333333336,54.26466666666666,14.133333333333333,18.2,79.55866666666665,3.4,8.066666666666666,0.66,2.533333333333333,20.333333333333332,0.126,12.666666666666666,3.2,100.8,78.53333333333333,22.6,39.733333333333334,16.2,30.533333333333335,7.8,22.733333333333334,14.4,11.333333333333334,1.7246666666666668,7.533333333333333,21.066666666666666,35.73533333333333,19.866666666666667,38.266666666666666,51.77733333333334,16.2,20.6,80.392,0.9333333333333333,8.933333333333334,1.1506666666666665,1.4666666666666666,21.066666666666666,0.07200000000000001,11.333333333333334,2.2,86.2
83,87,2014-01-18,18,1,2013-2014,Goiânia,Bauru Basket,76.26666666666667,22.0,39.86666666666667,14.4,32.13333333333333,8.066666666666666,24.066666666666666,14.8,12.133333333333333,1.5266666666666666,7.333333333333333,21.733333333333334,35.12933333333333,19.933333333333334,37.06666666666667,54.398,14.4,18.666666666666668,77.75999999999999,1.1333333333333333,7.733333333333333,0.7760000000000001,1.4666666666666666,22.6,0.06599999999999999,12.133333333333333,3.066666666666667,84.46666666666667,80.66666666666667,27.6,36.666666666666664,16.4,32.4,9.666666666666666,22.733333333333334,14.066666666666666,11.2,1.4546666666666668,9.2,24.4,39.058,18.333333333333332,35.666666666666664,51.305333333333344,16.4,21.8,74.712,1.8666666666666667,9.133333333333333,0.8766666666666667,1.7333333333333334,17.733333333333334,0.10400000000000001,11.2,1.7333333333333334,88.8
